                    1.0        12753.59        -8070.05
                  101.0        12753.59        -8070.05
                  201.0      1060167.80      -530106.81
                  301.0      2637465.08     -1318755.22
                  401.0      4262858.80     -2131435.37
                  501.0      5083963.41     -2542004.85
                  601.0      5902097.14     -2951071.03
                  701.0      6649835.02     -3324938.87
                  801.0      7265614.71     -3632842.97
                  901.0      7878156.06     -3939110.39
                 1001.0      8423445.80     -4211762.32
                 1101.0      8935677.10     -4467887.58
                 1201.0      9445527.39     -4722817.91
                 1301.0      9894506.79     -4947328.76
                 1401.0     10341915.79     -5171063.39
                 1501.0     10773935.77     -5387121.22
                 1601.0     11177936.86     -5589195.86
                 1701.0     11579883.31     -5790301.61
                 1801.0     11960364.04     -5980740.01
                 1901.0     12329929.41     -6165799.87
                 2001.0     12697987.90     -6350199.62
                 2101.0     13041517.75     -6522521.49
                 2201.0     13383816.61     -6694394.03
                 2301.0     13718641.09     -6862711.90
                 2401.0     14040277.36     -7024636.53
                 2501.0     14360173.21     -7186049.43
                 2601.0     14668777.18     -7342097.55
                 2701.0     14971396.37     -7495450.61
                 2801.0     15272746.86     -7648486.29
                 2901.0     15560052.51     -7795015.67
                 3001.0     15846220.65     -7941363.92
                 3101.0     16127632.85     -8085729.34
                 3201.0     16400971.88     -8226466.18
                 3301.0     16672679.63     -8367033.73
                 3401.0     16937108.20     -8504422.85
                 3501.0     17197504.77     -8640261.38
                 3601.0     17456746.79     -8775998.61
                 3701.0     17706545.69     -8907740.01
                 3801.0     17955279.45     -9039460.10
                 3901.0     18200572.97     -9169967.73
                 4001.0     18440244.75     -9298176.04
                 4101.0     18678399.75     -9426399.94
                 4201.0     18911343.54     -9552550.19
                 4301.0     19141286.67     -9677726.74
                 4401.0     19370183.33     -9802909.05
                 4501.0     19592156.63     -9925414.50
                 4601.0     19813155.74    -10047969.99
                 4701.0     20031496.57    -10169723.90
                 4801.0     20245629.55    -10289899.85
                 4901.0     20458384.45    -10410164.45
                 5001.0     20667173.54    -10528971.51
                 5101.0     20873606.30    -10647115.68
                 5201.0     21079102.67    -10765304.65
                 5301.0     21279249.77    -10881569.95
                 5401.0     21478520.72    -10997902.95
                 5501.0     21675656.01    -11113662.30
                 5601.0     21869494.84    -11228263.58
                 5701.0     22062099.04    -11342961.83
                 5801.0     22251561.21    -11456567.74
                 5901.0     22439109.39    -11569683.31
                 6001.0     22625825.13    -11682844.51
                 6101.0     22808258.13    -11794535.56
                 6201.0     22989907.75    -11906282.13
                 6301.0     23169795.33    -12017583.18
                 6401.0     23347017.58    -12127982.09
                 6501.0     23523135.58    -12238451.09
                 6601.0     23696691.31    -12348053.58
                 6701.0     23868653.97    -12457261.76
                 6801.0     24039875.80    -12566495.66
                 6901.0     24207576.10    -12674541.56
                 7001.0     24374575.44    -12782616.39
                 7101.0     24540090.36    -12890317.04
                 7201.0     24703396.77    -12997275.85
                 7301.0     24865713.87    -13104260.80
                 7401.0     25025893.38    -13210522.05
                 7501.0     25184720.23    -13316440.80
                 7601.0     25342883.66    -13422355.67
                 7701.0     25498089.26    -13527263.12
                 7801.0     25652665.56    -13632165.40
                 7901.0     25805969.04    -13736731.43
                 8001.0     25957404.25    -13840658.82
                 8101.0     26107948.75    -13944560.97
                 8201.0     26256675.99    -14047831.89
                 8301.0     26404235.78    -14150786.52
                 8401.0     26551197.94    -14253704.08
                 8501.0     26695632.04    -14355731.98
                 8601.0     26839495.31    -14457718.97
                 8701.0     26982251.09    -14559388.14
                 8801.0     27123402.21    -14660486.01
                 8901.0     27263743.41    -14761506.96
                 9001.0     27402515.42    -14861957.78
                 9101.0     27540265.39    -14962103.69
                 9201.0     27677472.54    -15062179.24
                 9301.0     27812486.64    -15161443.54
                 9401.0     27946979.84    -15260632.73
                 9501.0     28080496.45    -15359511.69
                 9601.0     28212613.78    -15457864.67
                 9701.0     28343991.28    -15556091.27
                 9801.0     28473995.28    -15653789.56
                 9901.0     28603093.20    -15751186.28
                10001.0     28731693.94    -15848481.39
                10101.0     28858368.34    -15945020.04
                10201.0     28984563.46    -16041451.40
                10301.0     29109888.08    -16137574.16
                10401.0     29233978.89    -16233202.97
                10501.0     29357387.49    -16328660.42
                10601.0     29479580.52    -16423619.81
                10701.0     29600962.00    -16518277.20
                10801.0     29721884.92    -16612804.90
                10901.0     29841096.82    -16706614.90
                11001.0     29959865.57    -16800289.90
                11101.0     30077850.92    -16893655.47
                11201.0     30194736.53    -16986550.45
                11301.0     30310989.53    -17079235.75
                11401.0     30426155.87    -17171444.81
                11501.0     30540588.94    -17263349.58
                11601.0     30654597.14    -17355100.63
                11701.0     30767071.04    -17446164.13
                11801.0     30879132.85    -17537069.09
                11901.0     30990483.57    -17627662.94
                12001.0     31100844.92    -17717804.19
                12101.0     31210617.32    -17807703.09
                12201.0     31319410.05    -17897143.41
                12301.0     31427534.83    -17986277.37
                12401.0     31535263.42    -18075237.77
                12501.0     31641605.92    -18163534.67
                12601.0     31747562.93    -18251654.15
                12701.0     31852869.96    -18339461.22
                12801.0     31957280.59    -18426830.20
                12901.0     32061139.99    -18513930.10
                13001.0     32164110.05    -18600586.44
                13101.0     32266467.69    -18686935.26
                13201.0     32368454.05    -18773094.77
                13301.0     32469179.35    -18858612.17
                13401.0     32569542.70    -18943935.71
                13501.0     32669308.54    -19028946.19
                13601.0     32768257.10    -19113532.17
                13701.0     32866687.10    -19197829.17
                13801.0     32964304.69    -19281695.61
                13901.0     33061357.86    -19365253.92
                14001.0     33158062.30    -19448610.13
                14101.0     33253612.00    -19531343.53
                14201.0     33348820.86    -19613871.50
                14301.0     33443477.62    -19696087.37
                14401.0     33537384.97    -19777890.98
                14501.0     33630802.27    -19859389.28
                14601.0     33723473.95    -19940469.81
                14701.0     33815623.32    -20021243.49
                14801.0     33907444.38    -20101805.98
                14901.0     33998202.18    -20181763.78
                15001.0     34088637.61    -20261507.21
                15101.0     34178560.37    -20340940.66
                15201.0     34267792.51    -20419973.96
                15301.0     34356563.71    -20498690.06
                15401.0     34444645.52    -20577001.18
                15501.0     34532240.54    -20655007.84
                15601.0     34619524.62    -20732796.42
                15701.0     34705826.82    -20809998.12
                15801.0     34791823.71    -20886979.56
                15901.0     34877343.46    -20963654.29
                16001.0     34962225.22    -21039940.41
                16101.0     35046666.82    -21115901.91
                16201.0     35130471.00    -21191470.61
                16301.0     35213821.04    -21266738.52
                16401.0     35296875.84    -21341784.36
                16501.0     35379020.04    -21416260.56
                16601.0     35460875.58    -21490513.06
                16701.0     35542284.38    -21564463.26
                16801.0     35623098.39    -21638036.44
                16901.0     35703497.19    -21711280.84
                17001.0     35783302.42    -21784144.21
                17101.0     35862682.08    -21856711.18
                17201.0     35941781.71    -21929053.91
                17301.0     36020033.11    -22000845.41
                17401.0     36098009.65    -22072411.18
                17501.0     36175567.69    -22143679.87
                17601.0     36252572.49    -22214583.33
                17701.0     36329181.69    -22285156.23
                17801.0     36405236.70    -22355360.48
                17901.0     36480892.18    -22425273.94
                18001.0     36556281.98    -22494962.75
                18101.0     36630879.98    -22564117.55
                18201.0     36705215.70    -22633046.81
                18301.0     36779157.48    -22701685.18
                18401.0     36852581.68    -22769969.95
                18501.0     36925629.28    -22837925.35
                18601.0     36998159.23    -22905523.47
                18701.0     37070313.08    -22972836.85
                18801.0     37142213.19    -23039926.95
                18901.0     37213371.99    -23106501.45
                19001.0     37284281.10    -23172850.82
                19101.0     37354819.37    -23238915.97
                19201.0     37424872.94    -23304639.96
                19301.0     37494566.54    -23370036.36
                19401.0     37563774.97    -23435088.07
                19501.0     37632628.58    -23499861.98
                19601.0     37701239.96    -23564414.54
                19701.0     37769155.76    -23628468.44
                19801.0     37836833.64    -23692300.66
                19901.0     37904161.35    -23755855.98
                20001.0     37971033.28    -23819081.02
                20101.0     38037561.28    -23881982.92
                20201.0     38103633.75    -23944552.10
                20301.0     38169371.13    -24006850.86
                20401.0     38234877.32    -24068931.59
                20501.0     38299729.52    -24130530.89
                20601.0     38364353.96    -24191911.56
                20701.0     38428647.28    -24253023.07
                20801.0     38492512.16    -24313816.35
                20901.0     38556047.96    -24374291.55
                21001.0     38619154.62    -24434445.81
                21101.0     38681944.36    -24494337.12
                21201.0     38744513.92    -24554014.13
                21301.0     38806465.72    -24613227.23
                21401.0     38868200.31    -24672225.96
                21501.0     38929621.40    -24730963.44
                21601.0     38990638.24    -24789393.99
                21701.0     39051342.04    -24847512.69
                21801.0     39111639.43    -24905322.22
                21901.0     39171635.92    -24962876.69
                22001.0     39231422.45    -25020221.38
                22101.0     39290627.45    -25077119.08
                22201.0     39349623.36    -25133807.08
                22301.0     39408321.60    -25190242.03
                22401.0     39466638.56    -25246381.54
                22501.0     39524654.96    -25302215.74
                22601.0     39582289.32    -25357752.34
                22701.0     39639637.91    -25413041.89
                22801.0     39696783.57    -25468126.55
                22901.0     39753380.97    -25522781.45
                23001.0     39809778.22    -25577231.52
                23101.0     39865892.97    -25631436.54
                23201.0     39921647.45    -25685357.03
                23301.0     39977112.05    -25738979.93
                23401.0     40032216.52    -25792316.40
                23501.0     40087050.25    -25845414.03
                23601.0     40141689.99    -25898312.44
                23701.0     40195808.79    -25950796.84
                23801.0     40249736.36    -26003082.10
                23901.0     40303395.81    -26055130.47
                24001.0     40356714.41    -26106904.85
                24101.0     40409755.61    -26158390.25
                24201.0     40462454.96    -26209600.18
                24301.0     40514896.82    -26260579.09
                24401.0     40567153.61    -26311363.88
                24501.0     40618915.01    -26361751.58
                24601.0     40670494.53    -26411945.21
                24701.0     40721819.65    -26461910.05
                24801.0     40772821.77    -26511611.81
                24901.0     40823558.37    -26561032.61
                25001.0     40873969.35    -26610188.90
                25101.0     40924134.73    -26659122.29
                25201.0     40974123.20    -26707867.22
                25301.0     41023643.00    -26756229.62
                25401.0     41072987.81    -26804404.86
                25501.0     41122089.57    -26852359.54
                25601.0     41170883.81    -26900060.69
                25701.0     41219425.01    -26947489.79
                25801.0     41267657.65    -26994664.74
                25901.0     41315656.33    -27041624.71
                26001.0     41363485.04    -27088402.10
                26101.0     41410868.84    -27134812.40
                26201.0     41458085.37    -27181040.82
                26301.0     41505069.94    -27227056.55
                26401.0     41551761.30    -27272829.10
                26501.0     41598211.50    -27318338.80
                26601.0     41644367.76    -27363603.68
                26701.0     41690300.95    -27408661.25
                26801.0     41736071.87    -27453542.49
                26901.0     41781419.27    -27498071.49
                27001.0     41826605.09    -27542424.29
                27101.0     41871570.72    -27586572.27
                27201.0     41916260.55    -27630487.00
                27301.0     41960715.75    -27674146.90
                27401.0     42004891.22    -27717572.33
                27501.0     42048854.12    -27760798.29
                27601.0     42092662.06    -27803853.57
                27701.0     42136068.46    -27846570.27
                27801.0     42179319.37    -27889116.85
                27901.0     42222359.18    -27931466.48
                28001.0     42265135.12    -27973592.40
                28101.0     42307687.12    -28015472.10
                28201.0     42349974.00    -28057126.47
                28301.0     42392058.19    -28098588.91
                28401.0     42433993.12    -28139886.93
                28501.0     42475544.92    -28180859.73
                28601.0     42516948.12    -28221668.50
                28701.0     42558150.34    -28262287.77
                28801.0     42599101.76    -28302692.07
                28901.0     42639838.16    -28342859.07
                29001.0     42680322.84    -28382809.88
                29101.0     42720613.29    -28422576.01
                29201.0     42760758.64    -28462183.36
                29301.0     42800542.24    -28501478.86
                29401.0     42840181.71    -28540616.22
                29501.0     42879628.29    -28579571.31
                29601.0     42918835.64    -28618320.00
                29701.0     42957839.24    -28656839.70
                29801.0     42996601.67    -28695152.34
                29901.0     43035178.42    -28733287.55
                30001.0     43073616.92    -28771269.63
                30101.0     43111708.52    -28808952.33
                30201.0     43149663.29    -28846482.78
                30301.0     43187434.66    -28883837.99
                30401.0     43224978.26    -28920994.97
                30501.0     43262324.66    -28957931.87
                30601.0     43299440.46    -28994669.83
                30701.0     43336378.90    -29031237.13
                30801.0     43373185.56    -29067656.93
                30901.0     43409661.96    -29103790.13
                31001.0     43446007.23    -29139776.36
                31101.0     43482177.14    -29175594.10
                31201.0     43518129.63    -29211221.76
                31301.0     43553892.63    -29246637.36
                31401.0     43589436.39    -29281862.14
                31501.0     43624810.71    -29316923.12
                31601.0     43660058.13    -29351842.44
                31701.0     43694990.73    -29386486.74
                31801.0     43729797.87    -29420989.55
                31901.0     43764436.51    -29455330.61
                32001.0     43798865.71    -29489489.55
                32101.0     43833116.71    -29523444.15
                32201.0     43867156.59    -29557215.64
                32301.0     43901034.20    -29590829.81
                32401.0     43934791.36    -29624307.75
                32501.0     43968247.36    -29657522.25
                32601.0     44001582.78    -29690600.13
                32701.0     44034757.78    -29723522.70
                32801.0     44067734.42    -29756271.12
                32901.0     44100536.42    -29788822.62
                33001.0     44133138.67    -29821198.93
                33101.0     44165586.14    -29853424.27
                33201.0     44197917.24    -29885518.41
                33301.0     44229960.84    -29917359.51
                33401.0     44261888.73    -29949069.88
                33501.0     44293663.06    -29980631.16
                33601.0     44325247.78    -30012024.85
                33701.0     44356666.18    -30043229.65
                33801.0     44387893.76    -30074266.36
                33901.0     44418973.31    -30105158.18
                34001.0     44449941.32    -30135924.03
                34101.0     44480633.72    -30166447.23
                34201.0     44511215.29    -30196844.37
                34301.0     44541649.74    -30227098.56
                34401.0     44571902.54    -30257192.72
                34501.0     44601996.74    -30287104.82
                34601.0     44631908.65    -30316856.15
                34701.0     44661678.86    -30346468.33
                34801.0     44691342.01    -30375958.99
                34901.0     44720742.61    -30405217.69
                35001.0     44750035.62    -30434355.20
                35101.0     44779188.22    -30463355.28
                35201.0     44808169.08    -30492201.52
                35301.0     44836996.68    -30520873.42
                35401.0     44865648.88    -30549391.04
                35501.0     44894165.17    -30577775.10
                35601.0     44922579.23    -30606042.45
                35701.0     44950742.63    -30634087.05
                35801.0     44978804.13    -30662015.53
                35901.0     45006731.03    -30689812.52
                36001.0     45034492.16    -30717462.42
                36101.0     45062107.76    -30744944.22
                36201.0     45089556.08    -30772278.23
                36301.0     45116873.81    -30799484.26
                36401.0     45144092.20    -30826578.40
                36501.0     45171072.40    -30853458.70
                36601.0     45197953.94    -30880227.35
                36701.0     45224706.36    -30906869.73
                36801.0     45251300.55    -30933371.01
                36901.0     45277755.15    -30959711.61
                37001.0     45304049.78    -30985910.31
                37101.0     45330219.78    -31011985.90
                37201.0     45356295.26    -31037953.64
                37301.0     45382141.46    -31063717.64
                37401.0     45407893.47    -31089374.05
                37501.0     45433522.40    -31114909.32
                37601.0     45459000.62    -31140309.66
                37701.0     45484342.82    -31165555.26
                37801.0     45509533.18    -31190664.85
                37901.0     45534604.42    -31215656.50
                38001.0     45559584.42    -31240544.92
                38101.0     45584346.42    -31265237.32
                38201.0     45609017.48    -31289826.80
                38301.0     45633570.50    -31314300.36
                38401.0     45657979.58    -31338644.75
                38501.0     45682257.98    -31362840.05
                38601.0     45706391.44    -31386905.03
                38701.0     45730410.94    -31410857.05
                38801.0     45754342.82    -31434710.26
                38901.0     45778064.42    -31458375.76
                39001.0     45801701.16    -31481942.39
                39101.0     45825224.85    -31505397.52
                39201.0     45848608.61    -31528728.29
                39301.0     45871869.41    -31551917.09
                39401.0     45894990.54    -31574980.64
                39501.0     45918002.51    -31597935.72
                39601.0     45940931.26    -31620796.01
                39701.0     45963657.46    -31643476.61
                39801.0     45986302.87    -31666062.20
                39901.0     46008840.45    -31688540.81
