                    1.0        12753.59       -12787.84
                  101.0        12753.59       -12787.84
                  201.0      1060167.80     -1060217.78
                  301.0      2637465.08     -2637519.47
                  401.0      4262858.80     -4262882.26
                  501.0      5083963.41     -5084023.10
                  601.0      5902097.19     -5902157.83
                  701.0      6649835.15     -6649896.37
                  801.0      7265614.92     -7265707.88
                  901.0      7878156.49     -7878245.40
                 1001.0      8423446.86     -8423550.90
                 1101.0      8935679.83     -8935801.02
                 1201.0      9445533.48     -9445658.27
                 1301.0      9894521.88     -9894665.27
                 1401.0     10341948.30    -10342103.08
                 1501.0     10773997.82    -10774163.07
                 1601.0     11178044.32    -11178224.83
                 1701.0     11580076.42    -11580267.88
                 1801.0     11960686.13    -11960889.96
                 1901.0     12330433.09    -12330649.87
                 2001.0     12698735.38    -12698964.90
                 2101.0     13042633.63    -13042874.85
                 2201.0     13385411.02    -13385665.66
                 2301.0     13720835.87    -13721103.42
                 2401.0     14043207.29    -14043485.23
                 2501.0     14364075.89    -14364368.53
                 2601.0     14673840.79    -14674145.20
                 2701.0     14977818.93    -14978135.28
                 2801.0     15280738.61    -15281069.91
                 2901.0     15569959.16    -15570300.81
                 3001.0     15858299.50    -15858654.44
                 3101.0     16142147.30    -16142515.45
                 3201.0     16418194.86    -16418573.40
                 3301.0     16693040.46    -16693433.85
                 3401.0     16960914.83    -16961320.65
                 3501.0     17225067.66    -17225485.49
                 3601.0     17488383.16    -17488814.47
                 3701.0     17742739.06    -17743181.77
                 3801.0     17996370.45    -17996826.19
                 3901.0     18246900.09    -18247368.81
                 4001.0     18492149.27    -18492629.41
                 4101.0     18736396.37    -18736890.91
                 4201.0     18975788.12    -18976294.42
                 4301.0     19212530.22    -19213048.26
                 4401.0     19448577.28    -19449109.39
                 4501.0     19678225.18    -19678768.69
                 4601.0     19907256.37    -19907813.11
                 4701.0     20133980.76    -20134550.78
                 4801.0     20356848.08    -20357429.81
                 4901.0     20578856.18    -20579450.81
                 5001.0     20797248.04    -20797855.16
                 5101.0     21013626.73    -21014246.36
                 5201.0     21229410.96    -21230043.49
                 5301.0     21440346.96    -21440992.09
                 5401.0     21650743.59    -21651401.32
                 5501.0     21859334.09    -21860004.42
                 5601.0     22064955.42    -22065638.35
                 5701.0     22269817.62    -22270513.15
                 5801.0     22471856.90    -22472564.62
                 5901.0     22672293.10    -22673012.92
                 6001.0     22872204.36    -22872936.49
                 6101.0     23068280.46    -23069025.49
                 6201.0     23263871.80    -23264628.91
                 6301.0     23457991.38    -23458760.71
                 6401.0     23649732.12    -23650514.64
                 6501.0     23840783.82    -23841578.34
                 6601.0     24029549.13    -24030356.66
                 6701.0     24216989.46    -24217809.67
                 6801.0     24403953.44    -24404784.77
                 6901.0     24587777.24    -24588622.07
                 7001.0     24771153.42    -24772009.93
                 7101.0     24953290.26    -24954158.39
                 7201.0     25133459.28    -25134340.60
                 7301.0     25312987.38    -25313880.40
                 7401.0     25490607.28    -25491512.61
                 7501.0     25667097.02    -25668014.43
                 7601.0     25843142.41    -25844070.95
                 7701.0     26016543.61    -26017485.65
                 7801.0     26189521.96    -26190475.67
                 7901.0     26361427.71    -26362392.94
                 8001.0     26531662.25    -26532640.35
                 8101.0     26701286.75    -26702275.65
                 8201.0     26869278.31    -26870279.24
                 8301.0     27036280.63    -27037293.43
                 8401.0     27202860.20    -27203883.53
                 8501.0     27367160.30    -27368196.23
                 8601.0     27531053.18    -27532100.49
                 8701.0     27693995.98    -27695054.40
                 8801.0     27855487.81    -27856557.92
                 8901.0     28016388.91    -28017469.82
                 9001.0     28175863.73    -28176955.85
                 9101.0     28334453.71    -28335557.12
                 9201.0     28492634.58    -28493749.10
                 9301.0     28648812.78    -28649939.00
                 9401.0     28804593.91    -28805730.61
                 9501.0     28959517.15    -28960664.27
                 9601.0     29113156.62    -29114315.12
                 9701.0     29266219.02    -29267387.12
                 9801.0     29418013.28    -29419192.81
                 9901.0     29569002.59    -29570193.38
                10001.0     29719593.21    -29720793.32
                10101.0     29868394.11    -29869605.02
                10201.0     30016804.84    -30018025.74
                10301.0     30164429.68    -30165660.59
                10401.0     30310902.24    -30312143.93
                10501.0     30456806.34    -30458056.73
                10601.0     30601567.14    -30602827.65
                10701.0     30745585.74    -30746856.43
                10801.0     30889213.27    -30890492.98
                10901.0     31031220.67    -31032510.88
                11001.0     31172843.59    -31174142.67
                11101.0     31313737.82    -31315045.62
                11201.0     31453584.06    -31454901.75
                11301.0     31592869.86    -31594196.85
                11401.0     31731113.46    -31732449.55
                11501.0     31868665.42    -31870010.40
                11601.0     32005832.05    -32007185.74
                11701.0     32141516.95    -32142880.24
                11801.0     32276821.83    -32278193.31
                11901.0     32411445.17    -32412824.76
                12001.0     32545106.68    -32546495.56
                12101.0     32678214.88    -32679611.56
                12201.0     32810364.11    -32811768.99
                12301.0     32941863.94    -32943276.92
                12401.0     33072984.33    -33074404.81
                12501.0     33202737.63    -33204166.21
                12601.0     33332115.79    -33333551.86
                12701.0     33460852.53    -33462296.01
                12801.0     33588699.81    -33590151.08
                12901.0     33716000.91    -33717459.38
                13001.0     33842412.67    -33843878.75
                13101.0     33968210.98    -33969684.65
                13201.0     34093635.96    -34095116.82
                13301.0     34217791.56    -34219278.42
                13401.0     34341577.70    -34343070.96
                13501.0     34464757.17    -34466257.03
                13601.0     34587108.53    -34588614.99
                13701.0     34708921.13    -34710433.59
                13801.0     34829904.67    -34831423.95
                13901.0     34950306.88    -34951832.73
                14001.0     35070342.90    -35071874.17
                14101.0     35189192.70    -35190731.17
                14201.0     35307678.72    -35309223.99
                14301.0     35425588.81    -35427140.06
                14401.0     35542724.46    -35544280.52
                14501.0     35659330.86    -35660892.32
                14601.0     35775161.40    -35776728.66
                14701.0     35890438.68    -35892011.53
                14801.0     36005355.66    -36006933.31
                14901.0     36119161.26    -36120744.31
                15001.0     36232609.98    -36234197.62
                15101.0     36345510.58    -36347102.63
                15201.0     36457683.73    -36459280.59
                15301.0     36569337.13    -36570939.39
                15401.0     36680261.36    -36681868.20
                15501.0     36790658.14    -36792269.39
                15601.0     36900701.99    -36902318.02
                15701.0     37009700.99    -37011320.02
                15801.0     37118350.02    -37119973.27
                15901.0     37226476.06    -37228103.90
                16001.0     37333916.52    -37335548.56
                16101.0     37440848.52    -37442484.16
                16201.0     37547093.97    -37548732.40
                16301.0     37652835.86    -37654477.51
                16401.0     37758232.11    -37759878.54
                16501.0     37862642.91    -37864292.34
                16601.0     37966711.04    -37968363.47
                16701.0     38070279.87    -38071935.51
                16801.0     38173201.85    -38174861.08
                16901.0     38275627.25    -38277289.48
                17001.0     38377403.46    -38379068.28
                17101.0     38478698.48    -38480365.91
                17201.0     38579657.06    -38581327.48
                17301.0     38679683.06    -38681355.88
                17401.0     38779375.33    -38781050.55
                17501.0     38878590.48    -38880267.89
                17601.0     38977193.18    -38978872.40
                17701.0     39075311.18    -39076992.80
                17801.0     39172814.90    -39174498.93
                17901.0     39269858.24    -39271544.87
                18001.0     39366573.53    -39368263.14
                18101.0     39462406.73    -39464096.94
                18201.0     39557914.73    -39559606.34
                18301.0     39652966.15    -39654659.57
                18401.0     39747436.80    -39749132.01
                18501.0     39841436.40    -39843133.41
                18601.0     39934853.39    -39936551.39
                18701.0     40027829.86    -40029528.68
                18801.0     40120487.80    -40122187.80
                18901.0     40212308.20    -40214008.20
                19001.0     40303812.33    -40305513.55
                19101.0     40394879.61    -40396582.21
                19201.0     40485395.78    -40487099.00
                19301.0     40575453.98    -40577159.00
                19401.0     40664958.80    -40666664.40
                19501.0     40754041.82    -40755747.83
                19601.0     40842815.79    -40844522.99
                19701.0     40930794.99    -40932501.59
                19801.0     41018466.44    -41020174.06
                19901.0     41105719.95    -41107428.14
                20001.0     41192450.85    -41194157.26
                20101.0     41278736.25    -41280443.26
                20201.0     41364496.29    -41366203.49
                20301.0     41449852.64    -41451559.84
                20401.0     41534909.40    -41536616.60
                20501.0     41619209.40    -41620916.60
                20601.0     41703211.40    -41704918.19
                20701.0     41786813.50    -41788519.48
                20801.0     41869918.73    -41871623.53
                20901.0     41952591.53    -41954296.93
                21001.0     42034764.14    -42036469.74
                21101.0     42116550.24    -42118255.63
                21201.0     42198046.97    -42199751.75
                21301.0     42278823.77    -42280526.75
                21401.0     42359311.90    -42361014.30
                21501.0     42439416.76    -42441118.74
                21601.0     42519048.14    -42520748.94
                21701.0     42598261.94    -42599962.74
                21801.0     42677000.31    -42678698.68
                21901.0     42755368.14    -42757064.14
                22001.0     42833454.81    -42835150.79
                22101.0     42910855.41    -42912550.19
                22201.0     42987977.08    -42989671.48
                22301.0     43064732.29    -43066425.87
                22401.0     43141037.41    -43142728.59
                22501.0     43216938.01    -43218627.39
                22601.0     43292385.10    -43294073.09
                22701.0     43367477.07    -43369163.45
                22801.0     43442297.67    -43443981.67
                22901.0     43516464.87    -43518148.27
                23001.0     43590362.49    -43592044.88
                23101.0     43663909.01    -43665589.38
                23201.0     43737026.46    -43738703.25
                23301.0     43809752.46    -43811428.05
                23401.0     43882046.07    -43883720.05
                23501.0     43953999.99    -43955671.76
                23601.0     44025693.09    -44027361.87
                23701.0     44096762.49    -44098428.87
                23801.0     44167571.24    -44169235.62
                23901.0     44238043.26    -44239705.43
                24001.0     44308105.65    -44309764.84
                24101.0     44377790.85    -44379448.84
                24201.0     44447064.77    -44448719.94
                24301.0     44516012.81    -44517664.78
                24401.0     44584707.39    -44586356.99
                24501.0     44652806.79    -44654455.79
                24601.0     44720656.50    -44722302.87
                24701.0     44788184.20    -44789826.76
                24801.0     44855320.52    -44856958.91
                24901.0     44922092.12    -44923729.91
                25001.0     44988470.71    -44990106.28
                25101.0     45054537.29    -45056169.86
                25201.0     45120360.56    -45121990.14
                25301.0     45185616.56    -45187243.74
                25401.0     45250630.99    -45252255.36
                25501.0     45315336.14    -45316957.51
                25601.0     45379667.02    -45381285.39
                25701.0     45443649.22    -45445263.99
                25801.0     45507255.06    -45508867.04
                25901.0     45570561.58    -45572170.74
                26001.0     45633634.10    -45635239.67
                26101.0     45696164.30    -45697766.87
                26201.0     45758461.05    -45760061.03
                26301.0     45820462.09    -45822059.05
                26401.0     45882107.46    -45883700.24
                26501.0     45943413.66    -45945004.04
                26601.0     46004362.58    -46005949.34
                26701.0     46065024.60    -46066607.98
                26801.0     46125459.20    -46127040.75
                26901.0     46185379.40    -46186955.55
                27001.0     46245073.87    -46246646.64
                27101.0     46304483.92    -46306053.68
                27201.0     46363553.04    -46365118.63
                27301.0     46422297.24    -46423861.63
                27401.0     46480700.40    -46482260.75
                27501.0     46538828.54    -46540384.51
                27601.0     46596737.38    -46598290.92
                27701.0     46654154.98    -46655703.12
                27801.0     46711354.55    -46712899.33
                27901.0     46768282.06    -46769823.82
                28001.0     46824885.29    -46826422.87
                28101.0     46881174.29    -46882709.47
                28201.0     46937137.27    -46938668.42
                28301.0     46992836.53    -46994363.91
                28401.0     47048324.61    -47049850.15
                28501.0     47103345.21    -47104864.75
                28601.0     47158155.50    -47159671.07
                28701.0     47212704.41    -47214216.57
                28801.0     47266942.56    -47268450.54
                28901.0     47320878.96    -47322384.54
                29001.0     47374503.56    -47376005.11
                29101.0     47427876.57    -47429373.32
                29201.0     47481048.80    -47482540.77
                29301.0     47533768.40    -47535257.37
                29401.0     47586288.24    -47587773.40
                29501.0     47638558.56    -47640039.51
                29601.0     47690531.23    -47692008.00
                29701.0     47742214.63    -47743688.40
                29801.0     47793600.03    -47795069.18
                29901.0     47844742.91    -47846207.90
                30001.0     47895689.99    -47897153.13
                30101.0     47946209.39    -47947666.53
                30201.0     47996534.73    -47997988.30
                30301.0     48046620.86    -48048070.80
                30401.0     48096424.03    -48097868.00
                30501.0     48145947.43    -48147388.40
                30601.0     48195185.42    -48196622.57
                30701.0     48244191.84    -48245624.60
                30801.0     48293012.08    -48294440.04
                30901.0     48341420.08    -48342843.84
                31001.0     48389642.54    -48391062.91
                31101.0     48437636.05    -48439052.60
                31201.0     48485358.54    -48486769.70
                31301.0     48532812.54    -48534220.10
                31401.0     48579993.30    -48581396.86
                31501.0     48626952.04    -48628351.81
                31601.0     48673731.86    -48675128.61
                31701.0     48720117.86    -48721509.21
                31801.0     48766326.03    -48767713.60
                31901.0     48812314.51    -48813698.46
                32001.0     48858042.72    -48859421.88
                32101.0     48903514.32    -48904889.88
                32201.0     48948724.86    -48950096.01
                32301.0     48993722.49    -48995088.84
                32401.0     49038547.68    -49039909.25
                32501.0     49082995.68    -49084354.25
                32601.0     49127273.16    -49128627.51
                32701.0     49171340.20    -49172690.17
                32801.0     49215158.12    -49216504.47
                32901.0     49258730.12    -49260071.67
                33001.0     49302052.43    -49303388.78
                33101.0     49345169.94    -49346501.92
                33201.0     49388120.33    -49389449.88
                33301.0     49430713.73    -49432037.88
                33401.0     49473141.49    -49474461.45
                33501.0     49515367.10    -49516682.85
                33601.0     49557355.12    -49558665.48
                33701.0     49599106.72    -49600413.48
                33801.0     49640617.96    -49641920.72
                33901.0     49681933.41    -49683232.17
                34001.0     49723090.54    -49724385.68
                34101.0     49763904.34    -49765193.48
                34201.0     49804558.99    -49805844.56
                34301.0     49845020.37    -49846302.31
                34401.0     49885255.27    -49886531.23
                34501.0     49925262.07    -49926534.43
                34601.0     49965039.88    -49966307.43
                34701.0     50004629.80    -50005892.77
                34801.0     50044066.29    -50045326.24
                34901.0     50083174.89    -50084430.64
                35001.0     50122131.64    -50123383.20
                35101.0     50160902.75    -50162150.11
                35201.0     50199455.35    -50200698.51
                35301.0     50237790.55    -50239029.51
                35401.0     50275906.92    -50277140.86
                35501.0     50313843.32    -50315072.90
                35601.0     50351632.35    -50352859.49
                35701.0     50389107.15    -50390328.89
                35801.0     50426436.19    -50427653.35
                35901.0     50463587.65    -50464800.40
                36001.0     50500530.53    -50501738.49
                36101.0     50537263.73    -50538467.49
                36201.0     50573787.03    -50574986.59
                36301.0     50610138.14    -50611333.91
                36401.0     50646348.69    -50647541.44
                36501.0     50682258.09    -50683445.44
                36601.0     50718027.42    -50719210.59
                36701.0     50753626.62    -50754805.77
                36801.0     50789026.38    -50790200.74
                36901.0     50824224.18    -50825394.94
                37001.0     50859222.23    -50860388.58
                37101.0     50894055.20    -50895217.57
                37201.0     50928752.09    -50929912.04
                37301.0     50963160.89    -50964316.04
                37401.0     50997436.11    -50998586.87
                37501.0     51031548.63    -51032694.78
                37601.0     51065470.08    -51066610.83
                37701.0     51099197.88    -51100333.83
                37801.0     51132733.23    -51133865.20
                37901.0     51166110.51    -51167238.87
                38001.0     51199358.51    -51200483.27
                38101.0     51232329.71    -51233450.27
                38201.0     51265172.62    -51266289.38
                38301.0     51297859.87    -51298972.21
                38401.0     51330364.77    -51331471.15
                38501.0     51362681.97    -51363786.55
                38601.0     51394816.88    -51395916.82
                38701.0     51426800.61    -51427895.58
                38801.0     51458659.14    -51459751.10
                38901.0     51490253.34    -51491341.10
                39001.0     51521724.12    -51522808.08
                39101.0     51553045.07    -51554125.02
                39201.0     51584190.48    -51585265.65
                39301.0     51615158.88    -51616230.45
                39401.0     51645951.49    -51647018.23
                39501.0     51676598.70    -51677660.87
                39601.0     51707125.94    -51708185.10
                39701.0     51737400.14    -51738455.10
                39801.0     51767556.60    -51768607.36
                39901.0     51797569.46    -51798616.02
