                    1.0         5060.89        -6419.43
                  101.0         5060.89        -6419.43
                  201.0       547739.27      -530111.00
                  301.0      1400126.96     -1318745.05
                  401.0      2345847.56     -2131443.39
                  501.0      2988322.62     -2542002.47
                  601.0      3639618.64     -2951069.82
                  701.0      4255375.29     -3324940.70
                  801.0      4795011.17     -3632840.90
                  901.0      5326152.96     -3939110.56
                 1001.0      5815755.85     -4211762.61
                 1101.0      6281909.55     -4467887.20
                 1201.0      6740784.44     -4722817.32
                 1301.0      7160822.36     -4947329.22
                 1401.0      7574647.60     -5171063.12
                 1501.0      7975895.72     -5387120.67
                 1601.0      8358690.19     -5589197.43
                 1701.0      8733933.84     -5790300.56
                 1801.0      9094716.92     -5980740.04
                 1901.0      9446406.28     -6165800.71
                 2001.0      9793747.82     -6350197.45
                 2101.0     10124192.00     -6522522.55
                 2201.0     10450974.26     -6694394.00
                 2301.0     10771174.87     -6862710.88
                 2401.0     11082086.89     -7024638.60
                 2501.0     11388338.04     -7186048.42
                 2601.0     11686546.59     -7342097.68
                 2701.0     11979476.92     -7495451.71
                 2801.0     12269559.94     -7648484.22
                 2901.0     12549516.94     -7795016.67
                 3001.0     12826920.84     -7941363.99
                 3101.0     13100036.60     -8085728.54
                 3201.0     13367249.60     -8226468.25
                 3301.0     13631047.01     -8367033.02
                 3401.0     13889495.23     -8504423.28
                 3501.0     14144293.88     -8640262.95
                 3601.0     14396930.29     -8775997.84
                 3701.0     14642572.07     -8907742.24
                 3801.0     14886209.74     -9039461.98
                 3901.0     15126702.85     -9169969.46
                 4001.0     15363676.29     -9298181.03
                 4101.0     15597180.64     -9426404.03
                 4201.0     15827668.59     -9552556.63
                 4301.0     16055366.82     -9677735.95
                 4401.0     16280445.54     -9802918.91
                 4501.0     16501511.60     -9925429.76
                 4601.0     16720087.29    -10047989.23
                 4701.0     16936200.35    -10169747.93
                 4801.0     17149844.69    -10289931.51
                 4901.0     17360063.31    -10410202.71
                 5001.0     17567976.24    -10529020.03
                 5101.0     17773668.65    -10647176.10
                 5201.0     17977189.80    -10765376.83
                 5301.0     18177594.67    -10881659.38
                 5401.0     18375917.15    -10998010.64
                 5501.0     18572242.78    -11113791.01
                 5601.0     18766623.23    -11228417.66
                 5701.0     18958121.48    -11343143.81
                 5801.0     19147782.58    -11456782.90
                 5901.0     19335618.30    -11569935.51
                 6001.0     19521616.39    -11683136.40
                 6101.0     19705105.77    -11794875.90
                 6201.0     19886822.57    -11906675.18
                 6301.0     20066877.91    -12018034.38
                 6401.0     20245350.56    -12128498.02
                 6501.0     20421357.00    -12239039.77
                 6601.0     20595856.55    -12348722.52
                 6701.0     20768821.70    -12458018.00
                 6801.0     20940208.37    -12567345.93
                 6901.0     21109520.69    -12675498.48
                 7001.0     21277302.12    -12783688.17
                 7101.0     21443673.49    -12891512.46
                 7201.0     21608725.39    -12998604.32
                 7301.0     21771639.26    -13105736.42
                 7401.0     21933288.58    -13212155.48
                 7501.0     22093624.81    -13318242.49
                 7601.0     22252587.60    -13424336.04
                 7701.0     22409797.73    -13529439.99
                 7801.0     22565670.59    -13634550.74
                 7901.0     22720327.41    -13739337.51
                 8001.0     22873861.59    -13843498.35
                 8101.0     23025520.97    -13947653.40
                 8201.0     23176099.24    -14051191.23
                 8301.0     23325536.75    -14154426.71
                 8401.0     23473765.22    -14257639.25
                 8501.0     23620486.97    -14359984.10
                 8601.0     23766027.26    -14462303.37
                 8701.0     23910504.55    -14564320.37
                 8801.0     24054011.69    -14665782.09
                 8901.0     24195856.01    -14767190.79
                 9001.0     24336761.19    -14868046.11
                 9101.0     24476662.97    -14968613.47
                 9201.0     24615490.62    -15069127.89
                 9301.0     24753002.56    -15168856.59
                 9401.0     24889460.54    -15268528.35
                 9501.0     25024977.88    -15367908.03
                 9601.0     25159644.29    -15466780.14
                 9701.0     25292823.29    -15565553.64
                 9801.0     25425175.57    -15663817.91
                 9901.0     25556634.75    -15761799.72
                10001.0     25687129.57    -15859699.32
                10101.0     25816461.63    -15956870.81
                10201.0     25944845.69    -16053955.84
                10301.0     26072388.70    -16150752.13
                10401.0     26199175.95    -16247073.82
                10501.0     26324621.33    -16343255.47
                10601.0     26449330.32    -16438959.05
                10701.0     26573236.89    -16534381.05
                10801.0     26696271.20    -16629694.46
                10901.0     26818266.01    -16724320.61
                11001.0     26939401.24    -16818833.39
                11101.0     27059777.54    -16913057.87
                11201.0     27179475.54    -17006832.77
                11301.0     27297954.35    -17100429.77
                11401.0     27415770.24    -17193571.85
                11501.0     27532859.10    -17286430.83
                11601.0     27649153.81    -17379157.51
                11701.0     27764509.81    -17471228.41
                11801.0     27879081.34    -17563163.30
                11901.0     27992962.91    -17654808.45
                12001.0     28106230.52    -17746021.63
                12101.0     28218382.52    -17837025.13
                12201.0     28329932.88    -17927591.78
                12301.0     28440819.74    -18017873.66
                12401.0     28550978.80    -18108003.78
                12501.0     28660283.80    -18197501.88
                12601.0     28768868.28    -18286844.08
                12701.0     28876820.84    -18375895.17
                12801.0     28984212.92    -18464529.57
                12901.0     29090579.98    -18552926.97
                13001.0     29196395.90    -18640902.54
                13101.0     29301602.25    -18728591.87
                13201.0     29406138.53    -18816113.09
                13301.0     29509891.85    -18903021.89
                13401.0     29612980.21    -18989758.95
                13501.0     29715486.64    -19076204.04
                13601.0     29817478.19    -19162245.03
                13701.0     29918521.94    -19248027.93
                13801.0     30019059.08    -19333401.17
                13901.0     30119033.42    -19418486.80
                14001.0     30218387.06    -19503390.71
                14101.0     30317018.44    -19587701.51
                14201.0     30415033.71    -19671827.58
                14301.0     30512510.47    -19755661.44
                14401.0     30609511.46    -19839102.45
                14501.0     30705632.40    -19922267.55
                14601.0     30801284.28    -20005034.97
                14701.0     30896414.16    -20087514.94
                14801.0     30990967.58    -20169802.72
                14901.0     31084850.90    -20251514.32
                15001.0     31178160.99    -20333030.63
                15101.0     31270970.45    -20414255.77
                15201.0     31363337.98    -20495099.54
                15301.0     31454886.17    -20575653.74
                15401.0     31545997.40    -20655821.43
                15501.0     31636622.32    -20735702.56
                15601.0     31726710.14    -20815383.21
                15701.0     31816173.70    -20894504.61
                15801.0     31905101.85    -20973423.22
                15901.0     31993562.82    -21052052.41
                16001.0     32081611.83    -21130310.39
                16101.0     32168894.77    -21208268.99
                16201.0     32255769.93    -21285852.04
                16301.0     32342190.36    -21363150.99
                16401.0     32428107.84    -21440244.29
                16501.0     32513441.90    -21516793.19
                16601.0     32598275.06    -21593134.42
                16701.0     32682670.47    -21669189.37
                16801.0     32766679.17    -21744883.48
                16901.0     32849971.17    -21820271.38
                17001.0     32932880.64    -21895294.49
                17101.0     33015363.61    -21970036.68
                17201.0     33097374.88    -22044569.64
                17301.0     33178838.38    -22118573.94
                17401.0     33259831.56    -22192366.92
                17501.0     33340413.76    -22265877.33
                17601.0     33420632.95    -22339037.31
                17701.0     33500178.14    -22411888.11
                17801.0     33579363.51    -22484384.06
                17901.0     33658148.09    -22556603.03
                18001.0     33736489.76    -22628611.34
                18101.0     33814316.14    -22700105.54
                18201.0     33891699.47    -22771387.40
                18301.0     33968695.60    -22842391.67
                18401.0     34045349.70    -22913055.93
                18501.0     34121369.70    -22983408.63
                18601.0     34197050.69    -23053417.65
                18701.0     34272353.65    -23123154.40
                18801.0     34347238.48    -23192679.47
                18901.0     34421636.23    -23261706.77
                19001.0     34495616.56    -23330521.13
                19101.0     34569232.12    -23399063.16
                19201.0     34642525.44    -23467275.81
                19301.0     34715219.19    -23535176.91
                19401.0     34787592.96    -23602745.09
                19501.0     34859610.02    -23670046.35
                19601.0     34931232.62    -23737136.48
                19701.0     35002394.49    -23803744.58
                19801.0     35073162.04    -23870140.75
                19901.0     35143584.22    -23936270.33
                20001.0     35213700.52    -24002080.61
                20101.0     35283252.14    -24067581.41
                20201.0     35352499.52    -24132759.84
                20301.0     35421408.91    -24197677.33
                20401.0     35489945.50    -24262385.62
                20501.0     35558045.50    -24326627.32
                20601.0     35625773.00    -24390658.91
                20701.0     35693173.40    -24454430.26
                20801.0     35760283.25    -24517892.76
                20901.0     35826858.12    -24581048.76
                21001.0     35893144.49    -24643892.95
                21101.0     35959110.68    -24706482.58
                21201.0     36024723.99    -24768865.72
                21301.0     36089922.99    -24830797.42
                21401.0     36154768.52    -24892522.06
                21501.0     36219304.03    -24953992.85
                21601.0     36283564.52    -25015164.30
                21701.0     36347316.02    -25076034.60
                21801.0     36410794.48    -25136603.25
                21901.0     36473968.93    -25196923.82
                22001.0     36536807.45    -25257041.21
                22101.0     36599252.83    -25316722.31
                22201.0     36661363.25    -25376199.40
                22301.0     36723178.83    -25435429.75
                22401.0     36784731.71    -25494371.65
                22501.0     36845803.09    -25553016.85
                22601.0     36906613.86    -25611370.75
                22701.0     36967135.57    -25669483.37
                22801.0     37027338.79    -25727396.52
                22901.0     37087168.17    -25784888.82
                23001.0     37146678.33    -25842180.97
                23101.0     37205907.85    -25899233.16
                23201.0     37264887.73    -25956006.43
                23301.0     37323410.23    -26012489.23
                23401.0     37381684.05    -26068691.48
                23501.0     37439683.01    -26124659.46
                23601.0     37497379.89    -26180431.66
                23701.0     37554718.89    -26235797.56
                23801.0     37611754.41    -26290967.77
                23901.0     37668523.24    -26345905.42
                24001.0     37725054.95    -26400574.24
                24101.0     37781150.08    -26454958.54
                24201.0     37837008.45    -26509072.04
                24301.0     37892605.25    -26562958.50
                24401.0     37947914.66    -26616654.24
                24501.0     38002881.04    -26669957.94
                24601.0     38057560.17    -26723070.61
                24701.0     38111985.27    -26775957.81
                24801.0     38166182.83    -26828585.51
                24901.0     38219966.08    -26880936.11
                25001.0     38273522.99    -26933025.24
                25101.0     38326830.11    -26984894.27
                25201.0     38379863.06    -27036577.46
                25301.0     38432569.31    -27087883.16
                25401.0     38485001.26    -27139002.50
                25501.0     38537190.64    -27189903.64
                25601.0     38589162.77    -27240555.01
                25701.0     38640739.90    -27290936.11
                25801.0     38692100.83    -27341065.49
                25901.0     38743223.39    -27390981.79
                26001.0     38794084.50    -27440716.92
                26101.0     38844634.88    -27490088.52
                26201.0     38894922.62    -27539278.84
                26301.0     38944978.53    -27588258.11
                26401.0     38994827.22    -27636996.76
                26501.0     39044299.47    -27685472.56
                26601.0     39093564.16    -27733705.77
                26701.0     39142601.16    -27781733.15
                26801.0     39191389.40    -27829585.01
                26901.0     39239879.53    -27877085.81
                27001.0     39288119.20    -27924411.22
                27101.0     39336137.87    -27971532.62
                27201.0     39383959.10    -28018421.54
                27301.0     39431418.72    -28065055.64
                27401.0     39478681.18    -28111456.49
                27501.0     39525726.35    -28157658.45
                27601.0     39572533.22    -28203689.74
                27701.0     39619054.97    -28249383.34
                27801.0     39665338.45    -28294906.42
                27901.0     39711410.61    -28340232.45
                28001.0     39757292.88    -28385334.95
                28101.0     39802830.63    -28430190.35
                28201.0     39848178.83    -28474821.24
                28301.0     39893319.29    -28519259.86
                28401.0     39938232.90    -28563532.69
                28501.0     39982872.90    -28607481.19
                28601.0     40027285.29    -28651264.24
                28701.0     40071495.44    -28694857.10
                28801.0     40115523.50    -28738234.99
                28901.0     40159223.00    -28781373.49
                29001.0     40202741.06    -28824295.79
                29101.0     40246060.30    -28867032.60
                29201.0     40289162.40    -28909609.04
                29301.0     40332002.40    -28951872.74
                29401.0     40374625.44    -28993976.47
                29501.0     40417054.57    -29035896.96
                29601.0     40459307.92    -29077610.82
                29701.0     40501249.42    -29119092.72
                29801.0     40543015.83    -29160366.75
                29901.0     40584591.84    -29201461.83
                30001.0     40625961.17    -29242401.60
                30101.0     40667078.42    -29283041.10
                30201.0     40707987.34    -29323525.71
                30301.0     40748711.10    -29363833.41
                30401.0     40789268.07    -29403942.04
                30501.0     40829524.69    -29443826.14
                30601.0     40869614.60    -29483510.49
                30701.0     40909522.37    -29523022.45
                30801.0     40949231.68    -29562384.33
                30901.0     40988699.30    -29601457.23
                31001.0     41027968.75    -29640380.72
                31101.0     41067060.71    -29679133.74
                31201.0     41105991.45    -29717695.05
                31301.0     41144635.95    -29756040.15
                31401.0     41183120.08    -29794192.60
                31501.0     41221429.34    -29832178.74
                31601.0     41259548.39    -29870020.04
                31701.0     41297436.89    -29907583.64
                31801.0     41335135.07    -29945002.50
                31901.0     41372663.14    -29982257.13
                32001.0     41410037.00    -30019327.81
                32101.0     41447136.87    -30056189.11
                32201.0     41484082.72    -30092865.48
                32301.0     41520861.24    -30129381.90
                32401.0     41557458.25    -30165758.69
                32501.0     41593832.87    -30201867.89
                32601.0     41630025.05    -30237837.43
                32701.0     41666054.35    -30273648.87
                32801.0     41701936.19    -30309283.52
                32901.0     41737555.57    -30344715.92
                33001.0     41773027.26    -30379970.70
                33101.0     41808338.52    -30415071.38
                33201.0     41843475.74    -30450037.09
                33301.0     41878399.87    -30484746.19
                33401.0     41913150.17    -30519320.30
                33501.0     41947744.16    -30553741.93
                33601.0     41982195.50    -30587993.37
                33701.0     42016395.88    -30622050.27
                33801.0     42050454.15    -30655936.45
                33901.0     42084358.65    -30689674.10
                34001.0     42118096.84    -30723281.21
                34101.0     42151630.46    -30756641.81
                34201.0     42184996.87    -30789872.49
                34301.0     42218213.58    -30822956.42
                34401.0     42251294.40    -30855876.53
                34501.0     42284134.27    -30888609.23
                34601.0     42316837.89    -30921177.70
                34701.0     42349394.11    -30953603.22
                34801.0     42381791.00    -30985903.03
                34901.0     42413991.13    -31017965.83
                35001.0     42446031.39    -31049903.17
                35101.0     42477928.06    -31081699.41
                35201.0     42509693.85    -31113338.58
                35301.0     42541228.72    -31144796.58
                35401.0     42572632.92    -31176097.05
                35501.0     42603895.74    -31207259.94
                35601.0     42635005.71    -31238301.34
                35701.0     42665926.71    -31269115.24
                35801.0     42696695.21    -31299808.35
                35901.0     42727326.07    -31330365.58
                36001.0     42757830.83    -31360771.52
                36101.0     42788113.58    -31391003.72
                36201.0     42818271.48    -31421084.08
                36301.0     42848293.90    -31451031.83
                36401.0     42878169.45    -31480862.52
                36501.0     42907864.20    -31510474.92
                36601.0     42937412.28    -31539970.80
                36701.0     42966828.09    -31569336.02
                36801.0     42996122.83    -31598556.12
                36901.0     43025205.96    -31627608.12
                37001.0     43054168.30    -31656514.37
                37101.0     43083000.56    -31685293.49
                37201.0     43111692.67    -31713960.56
                37301.0     43140209.92    -31742416.76
                37401.0     43168586.85    -31770760.91
                37501.0     43196836.98    -31798979.41
                37601.0     43224970.81    -31827058.38
                37701.0     43252901.94    -31854976.08
                37801.0     43280716.84    -31882753.50
                37901.0     43308406.82    -31910408.39
                38001.0     43335962.39    -31937955.04
                38101.0     43363351.26    -31965299.44
                38201.0     43390604.38    -31992536.05
                38301.0     43417735.85    -32019651.94
                38401.0     43444756.76    -32046633.86
                38501.0     43471582.38    -32073459.86
                38601.0     43498296.36    -32100151.27
                38701.0     43524890.67    -32126725.12
                38801.0     43551356.54    -32153195.15
                38901.0     43577660.54    -32179470.05
                39001.0     43603835.64    -32205641.62
                39101.0     43629894.16    -32231697.08
                39201.0     43655845.65    -32257623.37
                39301.0     43681610.40    -32283400.27
                39401.0     43707267.81    -32309047.86
                39501.0     43732810.33    -32334582.06
                39601.0     43758229.63    -32360015.67
                39701.0     43783493.01    -32385262.77
                39801.0     43808633.06    -32410410.00
                39901.0     43833661.40    -32435445.63
