FEM Results (without added noise) used for interpolation


current,Length,MTTF
           0.0003000000    0.0000018000          8201.0     
           0.0003000000    0.0000020000          5701.0     
           0.0003000000    0.0000025000          4701.0     
           0.0003000000    0.0000030000          4601.0     

           0.0001000000    0.0000055000         63601.0     
	   0.0001000000    0.0000060000         50601.0     
           0.0001000000    0.0000070000         43701.0     
           0.0001000000    0.0000080000         41701.0     
           
           0.0000500000    0.0000110000        252301.0     
           0.0000500000    0.0000130000        180301.0     
           0.0000500000    0.0000150000        166501.0     
           0.0000500000    0.0000200000        160001.0     